40
10
-1000 -74 -554 323 858 498 828 -311 303 -390 
221 -392 -450 -538 -888 651 184 261 -593 -611 
-976 207 -799 -273 914 630 730 200 -34 -509 
225 -110 0 48 400 47 -935 -272 81 420 
390 -812 361 -484 -958 -366 615 -980 752 284 
520 -827 -549 -808 -561 -208 -275 718 408 -772 
767 -373 723 -188 384 -669 607 502 62 65 
585 -544 -820 -14 -2 835 845 684 -315 280 
-986 709 448 681 -30 51 -561 -192 -392 -393 
-679 -653 319 -148 652 -238 -535 -451 131 711 
26 -887 -42 -314 699 64 993 464 193 -397 
-53 40 33 -872 -787 -942 179 -959 842 -667 
891 -201 -107 -546 -257 238 136 327 334 -765 
370 296 -448 -27 -747 901 -250 -239 981 905 
57 -26 614 -995 660 281 313 190 -361 594 
582 -577 -294 -202 819 -773 219 -496 943 -539 
928 -334 -870 -43 232 650 -513 -941 874 -688 
307 -582 -941 936 275 -83 184 -113 -206 462 
924 945 -313 740 -347 -53 -411 754 154 -974 
-319 -754 -182 520 977 -609 -156 -344 -227 -991 
-207 254 316 -673 -714 164 -637 -230 522 -98 
42 -668 709 -520 -464 982 978 -611 -696 -715 
61 -268 -95 848 631 60 600 -461 959 -116 
-928 -472 -886 -216 -332 -330 -371 -640 454 488 
-417 819 -768 -748 -16 -651 -464 -663 -16 994 
-587 -546 -648 -512 -52 -940 -651 467 -305 225 
563 824 -190 -362 -171 -486 -783 -75 811 866 
352 617 -65 -185 701 241 -500 -347 -136 282 
-477 263 554 964 -529 617 -825 625 835 -392 
-679 161 664 -772 925 -241 8 594 422 -530 
-869 611 -475 117 -358 -205 519 536 -213 707 
559 696 -397 413 -299 -700 -731 -155 -833 211 
-662 -409 89 203 545 -810 952 -293 -110 -59 
-768 -94 230 -606 150 -88 -263 -563 322 675 
-902 -361 -162 -872 48 -376 -442 -749 526 624 
-511 -837 426 -789 -869 539 -478 321 572 -549 
-157 -188 -355 845 474 -347 -535 -791 -737 789 
562 832 523 -509 112 698 753 -40 -845 -80 
632 701 180 266 -548 -931 479 18 -738 611 
-611 416 -136 -129 -168 285 993 -7 -346 -605 
